0	0.000000	0.000000	0.000000	0.000000	65940564.143656	11015752.945902	-7077152.519993	0.242252	0.000000	0.000000	0.000000	0.000000	17350658.600636	10323691.028356	-17912694.461140	0.217226	0.000000	0.000000	0.000000	0.000000	328500691806574.437500	-385766774081295.875000	-306814003673936.062500	0.006579	0.000000	0.000000	0.000000	0.000000	45259644.678129	-15602611.439049	5764457.153764	0.129442
0	0.000000	0.000000	0.000000	0.000000	431140.630650	105047.343637	-59779.663079	0.248285	0.000000	0.000000	0.000000	0.000000	3234148.497316	1969182.523061	1638736.744768	0.170878	0.000000	0.000000	0.000000	0.000000	25815523984637.816406	-19021750665974.429688	-33763422424580.269531	0.010386	0.000000	0.000000	0.000000	0.000000	-0.000000	0.000000	0.000000	0.136591
1	0.000000	0.000000	0.000000	0.000000	486019.767893	-85651.541777	-139351.942175	0.159314	0.000000	0.000000	0.000000	0.000000	3616966.192325	-240745.660712	18776.614837	0.267940	0.000000	0.000000	0.000000	0.000000	712775.245607	-115067.103736	-218552.400523	0.162121	0.000000	0.000000	0.000000	0.000000	1261129.322318	133792.639357	67461.370898	0.238186
1	0.000000	0.000000	0.000000	0.000000	-5473085512486.563477	4351983426224.441895	6968569205339.530273	0.009997	0.000000	0.000000	0.000000	0.000000	422122.597809	-244131.989984	-325848.790096	0.237876	0.000000	0.000000	0.000000	0.000000	187792.952980	-147520.020156	10301.364638	0.178709	0.000000	0.000000	0.000000	0.000000	-0.000000	0.000000	0.000000	0.136591
2	0.000000	0.000000	0.000000	0.000000	33025513.597016	5302666.258479	-9235899.923639	0.171002	0.000000	0.000000	0.000000	0.000000	134820440920339360.000000	-185794191573001664.000000	79929334649691648.000000	-0.004059	0.000000	0.000000	0.000000	0.000000	347424.963071	-86753.591529	-303524.450041	0.406884	0.000000	0.000000	0.000000	0.000000	34086635.536472	-1111170.883019	-3898178.050616	0.162430
2	0.000000	0.000000	0.000000	0.000000	-3854925983639661.500000	5561932136668639.000000	-1582503599372273.750000	-0.002792	0.000000	0.000000	0.000000	0.000000	647981.874882	709304.541387	-21342.663078	0.240766	0.000000	0.000000	0.000000	0.000000	44331.992088	37183.333276	-52860.762699	0.194841	0.000000	0.000000	0.000000	0.000000	7875231578369997.000000	-11609250605276402.000000	2184886255136837.250000	-0.001858
3	0.000000	0.000000	0.000000	0.000000	27501088.817271	7044879.452444	2831367.046150	0.164720	0.000000	0.000000	0.000000	0.000000	-39804642358145568.000000	55764707514843120.000000	21349412096705296.000000	0.003662	0.000000	0.000000	0.000000	0.000000	1733976.291324	-5214.428970	-303351.859049	0.228467	0.000000	0.000000	0.000000	0.000000	16935445.048210	-1163832.377945	175004.603172	0.263324
3	0.000000	0.000000	0.000000	0.000000	75171.341069	-7593.345328	-27175.985448	0.218499	0.000000	0.000000	0.000000	0.000000	1163828.027983	378951.125568	234233.890431	0.236427	0.000000	0.000000	0.000000	0.000000	1591108.796066	21413.965096	-168258.988133	0.228639	0.000000	0.000000	0.000000	0.000000	28.656978	-54.724687	-14.738223	0.325201
4	0.000000	0.000000	0.000000	0.000000	1836921.674136	794283.214449	737121.148217	0.198110	0.000000	0.000000	0.000000	0.000000	-4420120449825304.000000	5143514914255305.000000	4190643384335292.000000	0.006472	0.000000	0.000000	0.000000	0.000000	12580381164394.699219	-3965934671550.329590	-18473698532387.355469	0.013440	0.000000	0.000000	0.000000	0.000000	84745095.368380	-4361919.680857	3673617.893804	0.274219
4	0.000000	0.000000	0.000000	0.000000	1766141.211135	987213.193192	602335.347658	0.195463	0.000000	0.000000	0.000000	0.000000	33006040.384543	1851484.836440	2679133.202927	0.256880	0.000000	0.000000	0.000000	0.000000	5045610.231971	-108964.559750	-370089.636260	0.301013	0.000000	0.000000	0.000000	0.000000	34066065140999.605469	-36153201778577.710938	36135807426084.476562	-0.007828
5	0.000000	0.000000	0.000000	0.000000	33035675.569468	238346.346320	2761264.759007	0.191525	0.000000	0.000000	0.000000	0.000000	388111171303870144.000000	-562769900269422976.000000	149135762860204928.000000	-0.002585	0.000000	0.000000	0.000000	0.000000	89546.305792	625.863644	23979.778474	0.245246	0.000000	0.000000	0.000000	0.000000	6364258.661976	-6394735.819355	-1077011.095458	0.130886
5	0.000000	0.000000	0.000000	0.000000	-4868998.792456	-5774558.367019	5558176.187688	0.084731	0.000000	0.000000	0.000000	0.000000	1813739.905223	-275017.471085	-1063544.166593	0.297165	0.000000	0.000000	0.000000	0.000000	49971.556704	16158.956453	-9257.198738	0.222830	0.000000	0.000000	0.000000	0.000000	9332.332680	-15159.695226	-6134.563336	0.193697
6	0.000000	0.000000	0.000000	0.000000	63210431.747085	54845610.405982	80794439.530427	0.102979	0.000000	0.000000	0.000000	0.000000	7311956.783229	-2676299.776777	-5763957.675324	0.208579	0.000000	0.000000	0.000000	0.000000	5880738.469913	-1048849.686067	3291876.300239	0.220522	0.000000	0.000000	0.000000	0.000000	14713163.979149	3745952.643136	-2311319.118091	0.347354
6	0.000000	0.000000	0.000000	0.000000	1151049.952956	-582306.276444	326796.773904	0.215903	0.000000	0.000000	0.000000	0.000000	890705.043606	-196576.568053	245970.187985	0.288176	0.000000	0.000000	0.000000	0.000000	183277.476938	60437.583175	-181576.732331	0.310711	0.000000	0.000000	0.000000	0.000000	2961.119653	3545.981506	-2319.702428	0.200265
7	0.000000	0.000000	0.000000	0.000000	172799933.084771	267773647.529650	35111355.311446	0.094581	0.000000	0.000000	0.000000	0.000000	1990870.445167	170815.590297	-1051319.750669	0.379212	0.000000	0.000000	0.000000	0.000000	-1780607.496046	4709702.408081	2192297.255851	0.127287	0.000000	0.000000	0.000000	0.000000	192171511.627526	277567062.023995	83207832.338290	0.034653
7	0.000000	0.000000	0.000000	0.000000	231658.225852	-43631.957595	199387.085158	0.306174	0.000000	0.000000	0.000000	0.000000	422866.022486	-432140.539156	-550432.337017	0.199747	0.000000	0.000000	0.000000	0.000000	593053.809909	-118835.260324	-3232.902109	0.186752	0.000000	0.000000	0.000000	0.000000	1089.306222	879.432909	-1746.246647	0.210421
8	0.000000	0.000000	0.000000	0.000000	60832379.678563	-7262943.952573	7696951.870289	0.213231	0.000000	0.000000	0.000000	0.000000	71842335.438536	12706215.106301	-51609106.823229	0.216383	0.000000	0.000000	0.000000	0.000000	-171557246813.451874	-162437395103.500214	-204159456494.592041	0.039326	0.000000	0.000000	0.000000	0.000000	28440245.860070	1525426.939872	-3911790.104909	0.295090
8	0.000000	0.000000	0.000000	0.000000	3934459.758949	-1913129.968268	-231861.361591	0.277324	0.000000	0.000000	0.000000	0.000000	3880149476939979.500000	-4840172337038353.000000	3234839247837687.500000	-0.005731	0.000000	0.000000	0.000000	0.000000	4549665.449490	-255198.387440	-174190.591000	0.293942	0.000000	0.000000	0.000000	0.000000	3269548033563.945801	-4408279927893.676758	2150490064834.680420	-0.004538
9	0.000000	0.000000	0.000000	0.000000	623804346450924.375000	-462245050234906.312500	-814374071671209.875000	0.010393	0.000000	0.000000	0.000000	0.000000	20244585.618543	26281964.385726	1665497.677745	0.162680	0.000000	0.000000	0.000000	0.000000	4356192.321861	611872.365421	-270022.855887	0.307682	0.000000	0.000000	0.000000	0.000000	34259656.673920	-1934469.396575	-960097.595929	0.213709
9	0.000000	0.000000	0.000000	0.000000	826927.119221	-52365.258872	300682.178033	0.209497	0.000000	0.000000	0.000000	0.000000	651427.788121	-85364.260924	-175646.199161	0.301075	0.000000	0.000000	0.000000	0.000000	4054053.048233	98373.518989	-498428.172930	0.296365	0.000000	0.000000	0.000000	0.000000	27644.719696	9996.812859	-1671.565919	0.262963
10	0.000000	0.000000	0.000000	0.000000	1082292.267024	-411497.780881	729372.553427	0.202248	0.000000	0.000000	0.000000	0.000000	-0.000000	0.000000	0.000000	0.136591	0.000000	0.000000	0.000000	0.000000	13810208.258809	-3640053.796057	7189023.063957	0.111630	0.000000	0.000000	0.000000	0.000000	2186348.793804	-2360939.330128	-1897094.549608	0.131747
10	0.000000	0.000000	0.000000	0.000000	1082292.433942	-411499.905287	729371.155228	0.202248	0.000000	0.000000	0.000000	0.000000	-0.000000	0.000000	0.000000	0.136591	0.000000	0.000000	0.000000	0.000000	1834381.363992	371319.010076	442258.686263	0.186883	0.000000	0.000000	0.000000	0.000000	-378836367894371.812500	575587329796373.250000	-21306132643238.617188	-0.001973
11	0.000000	0.000000	0.000000	0.000000	64159.633107	-11738.664615	-28456.965994	0.215982	0.000000	0.000000	0.000000	0.000000	9290630129124250.000000	-12753430107309162.000000	-5621875523705757.000000	0.004164	0.000000	0.000000	0.000000	0.000000	591050.864256	17664.848991	13391.612106	0.330589	0.000000	0.000000	0.000000	0.000000	10388019.776003	465822.768629	-242892.316093	0.260725
11	0.000000	0.000000	0.000000	0.000000	64159.633107	-11738.664615	-28456.965994	0.215982	0.000000	0.000000	0.000000	0.000000	202659.899959	-54560.583485	83687.274563	0.336122	0.000000	0.000000	0.000000	0.000000	472555.507433	100483.950555	-173971.069961	0.174717	0.000000	0.000000	0.000000	0.000000	-0.000000	0.000000	0.000000	0.136591
12	0.000000	0.000000	0.000000	0.000000	70156613386876280.000000	-94163886282964560.000000	47015387119754784.000000	-0.004561	0.000000	0.000000	0.000000	0.000000	-20195256265748029440.000000	30046684004774662144.000000	3857440939791328256.000000	0.001263	0.000000	0.000000	0.000000	0.000000	1452533.747200	371945.848680	163806.787321	0.258212	0.000000	0.000000	0.000000	0.000000	83798289.815105	-14987821.751063	-8225182.553170	0.207735
12	0.000000	0.000000	0.000000	0.000000	1870132.379018	305789.415649	-261507.052966	0.167060	0.000000	0.000000	0.000000	0.000000	890930.527551	292148.575823	-615231.953904	0.169433	0.000000	0.000000	0.000000	0.000000	-3953575453023561.000000	5459839652632712.000000	-2317346411398065.500000	-0.004016	0.000000	0.000000	0.000000	0.000000	-816.418632	-4790.356632	1919.581507	0.147631
13	0.000000	0.000000	0.000000	0.000000	107476950.939220	-1379347.214302	-14826531.749072	0.227703	0.000000	0.000000	0.000000	0.000000	-3872984759112642.000000	4624703131638216.000000	-3518762084917141.500000	-0.006438	0.000000	0.000000	0.000000	0.000000	-2770085826175855616.000000	4102018464166303744.000000	662896928963528832.000000	0.001567	0.000000	0.000000	0.000000	0.000000	-188035496394222.031250	182450890629473.125000	215283258829319.468750	0.008635
13	0.000000	0.000000	0.000000	0.000000	2781198.569195	1339624.964930	2240139.642892	0.239546	0.000000	0.000000	0.000000	0.000000	370310730635063.500000	-448873963881720.062500	-327617270066405.500000	0.006039	0.000000	0.000000	0.000000	0.000000	-1990222.856617	7766460.594897	-3059185.813053	0.116386	0.000000	0.000000	0.000000	0.000000	-18226352991.404976	9870819050.298868	-25522497147.016151	-0.011959
14	0.000000	0.000000	0.000000	0.000000	32783097.004305	5334560.883003	1481244.427933	0.239177	0.000000	0.000000	0.000000	0.000000	1053976.297135	718898.592478	-419747.670654	0.225241	0.000000	0.000000	0.000000	0.000000	231465.070364	-105387.038029	30014.717281	0.197706	0.000000	0.000000	0.000000	0.000000	10225040.749660	4232565.192922	-7730295.251930	0.154890
14	0.000000	0.000000	0.000000	0.000000	1381150.785002	415083.450782	-143187.875845	0.225448	0.000000	0.000000	0.000000	0.000000	93677.996584	-18882.184481	81888.654689	0.280847	0.000000	0.000000	0.000000	0.000000	7180387.973391	2689480.618551	-10742610.421519	0.079558	0.000000	0.000000	0.000000	0.000000	876.613137	656.332795	-1429.115519	0.210055
15	0.000000	0.000000	0.000000	0.000000	30442184527.195789	42074097713.048363	18650029081.779213	0.035686	0.000000	0.000000	0.000000	0.000000	2130228.726258	-265045.220491	-321840.108242	0.309251	0.000000	0.000000	0.000000	0.000000	342825.748074	297266.904440	206485.642797	0.372401	0.000000	0.000000	0.000000	0.000000	7400153180138617.000000	-9685988384190456.000000	-5425124713207771.000000	0.005046
15	0.000000	0.000000	0.000000	0.000000	-0.000000	0.000000	0.000000	0.136591	0.000000	0.000000	0.000000	0.000000	-89827.405761	-12383.664664	309357.915740	0.140878	0.000000	0.000000	0.000000	0.000000	-11601.026230	-23470.470350	2552.933419	0.154666	0.000000	0.000000	0.000000	0.000000	-0.000000	0.000000	0.000000	0.136591
16	0.000000	0.000000	0.000000	0.000000	81625252.202887	1966831.985678	9783161.162342	0.194340	0.000000	0.000000	0.000000	0.000000	-1560048750575280896.000000	2306544756941730304.000000	394971305206295424.000000	0.001676	0.000000	0.000000	0.000000	0.000000	1563323.017824	57331.097139	1935780.523151	0.250076	0.000000	0.000000	0.000000	0.000000	3130937.711143	-89604.996460	-358189.400767	0.303114
16	0.000000	0.000000	0.000000	0.000000	-0.000000	0.000000	0.000000	0.136591	0.000000	0.000000	0.000000	0.000000	108967.671328	113077.114394	-38138.138591	0.231025	0.000000	0.000000	0.000000	0.000000	162676.786103	67758.843690	197059.168545	0.245734	0.000000	0.000000	0.000000	0.000000	-0.000000	0.000000	0.000000	0.136591
17	0.000000	0.000000	0.000000	0.000000	-3610186.086588	38811438.783597	14310031.694325	0.127240	0.000000	0.000000	0.000000	0.000000	44687861.623056	4613792.556196	1718085.235236	0.233204	0.000000	0.000000	0.000000	0.000000	7146119.128161	1314092.400974	1516731.461751	0.180026	0.000000	0.000000	0.000000	0.000000	16452332.012911	-1249114.349951	1072004.147390	0.260113
17	0.000000	0.000000	0.000000	0.000000	37270.728387	12274.613483	7122.995379	0.207435	0.000000	0.000000	0.000000	0.000000	-8032114605447048.000000	10850638314457312.000000	-5240595068204359.000000	-0.004426	0.000000	0.000000	0.000000	0.000000	-593707309.709991	663218543.348333	-730651963.738169	0.050068	0.000000	0.000000	0.000000	0.000000	-0.000000	0.000000	0.000000	0.136591
18	0.000000	0.000000	0.000000	0.000000	-303258245919996.125000	392433651732722.562500	230241558538067.531250	0.005158	0.000000	0.000000	0.000000	0.000000	4501863.496167	-2145593.289894	4743317.119403	0.256200	0.000000	0.000000	0.000000	0.000000	5629042.868988	276914.339739	-972455.716811	0.244338	0.000000	0.000000	0.000000	0.000000	-430189.316504	9017244.214433	-2289827.708449	0.119741
18	0.000000	0.000000	0.000000	0.000000	-303054544756087.312500	392156330980305.937500	230110331190969.750000	0.005158	0.000000	0.000000	0.000000	0.000000	1177155.491836	-223954.423251	1219919.363869	0.252344	0.000000	0.000000	0.000000	0.000000	-47800815145498.390625	45561316091715.203125	55452446929607.953125	0.008447	0.000000	0.000000	0.000000	0.000000	904439.221764	-167717.841204	-429106.232849	0.178822
19	0.000000	0.000000	0.000000	0.000000	27664983.957102	4764250.238116	1259116.973535	0.147089	0.000000	0.000000	0.000000	0.000000	-63037537926305038336.000000	94085515961061736448.000000	9432117737556674560.000000	0.000998	0.000000	0.000000	0.000000	0.000000	1963360.535486	-2689782.354349	-951390.233036	0.162621	0.000000	0.000000	0.000000	0.000000	-38125358743132336.000000	52918908894334984.000000	-21692365438776588.000000	-0.003754
19	0.000000	0.000000	0.000000	0.000000	944603.643844	-859000.434184	335414.470549	0.202085	0.000000	0.000000	0.000000	0.000000	590836.736767	16292.095024	361991.554420	0.254265	0.000000	0.000000	0.000000	0.000000	1017358.342623	-101885.538086	247554.563053	0.164310	0.000000	0.000000	0.000000	0.000000	633653353251.651978	-745553619199.157593	-589901100516.671997	0.006693
20	0.000000	0.000000	0.000000	0.000000	9572275.444929	-1351510.420316	2623574.058973	0.212540	0.000000	0.000000	0.000000	0.000000	16155829.042580	7568400.507964	1361596.779335	0.234731	0.000000	0.000000	0.000000	0.000000	9657066.946096	-3357756.459072	4312783.614874	0.223604	0.000000	0.000000	0.000000	0.000000	6184258.287197	112641.973495	-630441.422341	0.283327
20	0.000000	0.000000	0.000000	0.000000	35356.352523	-34997.798393	-24234.993156	0.167712	0.000000	0.000000	0.000000	0.000000	3249935.420362	270698.309334	3596279.104838	0.203701	0.000000	0.000000	0.000000	0.000000	396311.999966	108966.091646	149401.926591	0.210806	0.000000	0.000000	0.000000	0.000000	16340.988922	-8480.369930	-752.261101	0.188946
21	0.000000	0.000000	0.000000	0.000000	65388523.901199	4834690.694195	410576.779604	0.192348	0.000000	0.000000	0.000000	0.000000	12440064.518991	-1421366.717088	-1283431.085077	0.417584	0.000000	0.000000	0.000000	0.000000	3965919.080498	-698636.739757	6749.139255	0.192439	0.000000	0.000000	0.000000	0.000000	27338845.117381	960693.148807	5354790.839554	0.243801
21	0.000000	0.000000	0.000000	0.000000	1339086.100642	-491055.934698	-138338.965255	0.233336	0.000000	0.000000	0.000000	0.000000	9277005.255578	1801081.321086	1157826.969571	0.260137	0.000000	0.000000	0.000000	0.000000	1592669.827025	405145.872881	34879.463396	0.223173	0.000000	0.000000	0.000000	0.000000	28980.566087	-3717.380502	-4679.798205	0.282398
22	0.000000	0.000000	0.000000	0.000000	68407211.501478	18194182.893386	-59789504.785116	0.079539	0.000000	0.000000	0.000000	0.000000	4600758.653009	4914484.779476	1662250.403976	0.163196	0.000000	0.000000	0.000000	0.000000	1838650.702194	-306881.449473	-52615.406967	0.209813	0.000000	0.000000	0.000000	0.000000	15365673.859707	849273.639538	-2796416.514981	0.216701
22	0.000000	0.000000	0.000000	0.000000	1182327.389061	-340540.950948	284120.414559	0.280492	0.000000	0.000000	0.000000	0.000000	572462.407204	45501.681689	-257363.149295	0.290029	0.000000	0.000000	0.000000	0.000000	537696.995473	113267.912619	241406.669068	0.187183	0.000000	0.000000	0.000000	0.000000	170849.467834	26097.954974	-67573.967391	0.251725
23	0.000000	0.000000	0.000000	0.000000	1401761230931365.000000	-1603327782157418.750000	-1361155487100551.000000	0.006982	0.000000	0.000000	0.000000	0.000000	-6726668499024521.000000	8259451139699190.000000	-5800099380304271.000000	-0.006090	0.000000	0.000000	0.000000	0.000000	3017223.400538	-1357508.282364	877382.591296	0.280596	0.000000	0.000000	0.000000	0.000000	778828334455156.875000	-995439707612687.375000	611937427565993.250000	-0.005558
23	0.000000	0.000000	0.000000	0.000000	261125208982732.343750	-348000756484786.687500	-179895522372809.218750	0.004698	0.000000	0.000000	0.000000	0.000000	781332.479456	233813.221953	-468835.518114	0.488732	0.000000	0.000000	0.000000	0.000000	1569664.244885	200728.697801	-104573.205989	0.266489	0.000000	0.000000	0.000000	0.000000	-0.000000	0.000000	0.000000	0.136591
24	0.000000	0.000000	0.000000	0.000000	64718912.593203	14038636.097974	332193.894513	0.234938	0.000000	0.000000	0.000000	0.000000	-15747967530099818.000000	21542879884448976.000000	9697336197092486.000000	0.004166	0.000000	0.000000	0.000000	0.000000	321679.254436	-160380.086941	433.386418	0.288745	0.000000	0.000000	0.000000	0.000000	10652606.966173	197431.062712	501137.622427	0.233112
24	0.000000	0.000000	0.000000	0.000000	3365912401917.671387	-2663288936800.855957	-4294422238275.879883	0.010213	0.000000	0.000000	0.000000	0.000000	-1591420.433366	750848.060322	2428291.936887	0.073006	0.000000	0.000000	0.000000	0.000000	14141.939582	-636.515085	-283.634136	0.192762	0.000000	0.000000	0.000000	0.000000	-0.000000	0.000000	0.000000	0.136591
25	0.000000	0.000000	0.000000	0.000000	16146549.396436	45081.978810	1182566.439611	0.252833	0.000000	0.000000	0.000000	0.000000	296691.021336	-295607.384142	316027.071226	0.181368	0.000000	0.000000	0.000000	0.000000	501822.774062	-195059.764155	-143663.803486	0.208304	0.000000	0.000000	0.000000	0.000000	10521672.529159	736679.425796	326603.304786	0.275890
25	0.000000	0.000000	0.000000	0.000000	2744.317983	-1460.172833	-4647.711642	0.202594	0.000000	0.000000	0.000000	0.000000	13970.412602	-4035.671350	-4713.300953	0.185890	0.000000	0.000000	0.000000	0.000000	379537.705155	-123650.164976	-164865.271501	0.216859	0.000000	0.000000	0.000000	0.000000	-0.000000	0.000000	0.000000	0.136591
26	0.000000	0.000000	0.000000	0.000000	19296357.146922	-3789873.092730	-3020956.395286	0.207494	0.000000	0.000000	0.000000	0.000000	443502.920101	-216985.091741	-12228.594602	0.326092	0.000000	0.000000	0.000000	0.000000	423304548447.864990	-242606346400.498657	-587419979979.816528	0.011578	0.000000	0.000000	0.000000	0.000000	10047500.483614	-82050.630296	-759174.508948	0.286709
26	0.000000	0.000000	0.000000	0.000000	107974.876031	-48536.451402	-118294.163556	0.203290	0.000000	0.000000	0.000000	0.000000	6687.144721	-1191.366854	5036.491222	0.523726	0.000000	0.000000	0.000000	0.000000	12149.019939	-3328.496393	7897.999416	0.194165	0.000000	0.000000	0.000000	0.000000	-0.000000	0.000000	0.000000	0.136591
27	0.000000	0.000000	0.000000	0.000000	6160318.270301	-13935454.633964	399296.874274	0.157701	0.000000	0.000000	0.000000	0.000000	670159495.718027	360278032.582378	-968608473.402674	0.080975	0.000000	0.000000	0.000000	0.000000	134800.393878	77998.281669	-12833.814862	0.261092	0.000000	0.000000	0.000000	0.000000	5058948.149605	421047.833699	-2428228.497592	0.145926
27	0.000000	0.000000	0.000000	0.000000	-0.000000	0.000000	0.000000	0.136591	0.000000	0.000000	0.000000	0.000000	1645684.851866	295987.035572	1371106.401375	0.194767	0.000000	0.000000	0.000000	0.000000	15088.171299	5730.413741	7881.590071	0.272892	0.000000	0.000000	0.000000	0.000000	8833.338518	7566.841587	-13944.020074	0.210686
28	0.000000	0.000000	0.000000	0.000000	69404730767044.593750	-67015838792164.562500	79745179056577.031250	-0.008668	0.000000	0.000000	0.000000	0.000000	2721583.382529	2892661.420246	2279451.636017	0.237457	0.000000	0.000000	0.000000	0.000000	2489843.945299	-503463.047415	-887610.668545	0.189703	0.000000	0.000000	0.000000	0.000000	808819279790002.625000	-948450254157613.375000	757443984938691.250000	-0.006781
28	0.000000	0.000000	0.000000	0.000000	-0.000000	0.000000	0.000000	0.136591	0.000000	0.000000	0.000000	0.000000	50660.845875	60593.666478	-15264.869693	0.237471	0.000000	0.000000	0.000000	0.000000	165414.174349	-49541.380523	104641.589301	0.220266	0.000000	0.000000	0.000000	0.000000	96025.649019	99335.249339	48721.060868	0.204031
29	0.000000	0.000000	0.000000	0.000000	12322823.782863	7573319.395020	2411704.761667	0.155850	0.000000	0.000000	0.000000	0.000000	12200608.077323	8230842.300532	-8388639.257097	0.171796	0.000000	0.000000	0.000000	0.000000	2422789.034185	471930.633379	-171800.403370	0.254053	0.000000	0.000000	0.000000	0.000000	27533603.644864	4642565.639441	5274642.012478	0.240139
29	0.000000	0.000000	0.000000	0.000000	9490939.613534	-2728177.263468	-12406987.525168	0.138047	0.000000	0.000000	0.000000	0.000000	-3147164.107716	-18980403.673401	11121583.588855	0.148875	0.000000	0.000000	0.000000	0.000000	589801.109891	586086.302083	285502.997171	0.193896	0.000000	0.000000	0.000000	0.000000	16452547998751.044922	-19860212468612.148438	14658330825398.562500	-0.006372
30	0.000000	0.000000	0.000000	0.000000	184942420654210.312500	-173067046551323.125000	216981757717139.312500	-0.008812	0.000000	0.000000	0.000000	0.000000	5178306.692471	-2462556.178226	-616827.340362	0.200500	0.000000	0.000000	0.000000	0.000000	54821.438734	5148.087223	5955.349394	0.304081	0.000000	0.000000	0.000000	0.000000	1449605.991011	1494967.338092	595388.154287	0.166280
30	0.000000	0.000000	0.000000	0.000000	-0.000000	0.000000	0.000000	0.136591	0.000000	0.000000	0.000000	0.000000	575338.153351	-232477.269204	30392.503682	0.279951	0.000000	0.000000	0.000000	0.000000	20040.038148	7461.994544	-5697.985139	0.434257	0.000000	0.000000	0.000000	0.000000	-31029004094606.996094	43387618078154.476562	16859730737279.964844	0.003659
31	0.000000	0.000000	0.000000	0.000000	19259013.352524	-2108796.495641	7674699.331502	0.212544	0.000000	0.000000	0.000000	0.000000	41729592.700005	-6664880.906742	7314628.635926	0.187941	0.000000	0.000000	0.000000	0.000000	41740967.699029	-29466742.914254	-31896721.295328	0.128410	0.000000	0.000000	0.000000	0.000000	71925402.848794	3369329.489717	-17085345.576646	0.146872
31	0.000000	0.000000	0.000000	0.000000	963156.469765	843135.036874	-1053229.412975	0.181249	0.000000	0.000000	0.000000	0.000000	12098847840055480.000000	-15367624104460100.000000	-9661338188385470.000000	0.005447	0.000000	0.000000	0.000000	0.000000	1942089.220882	959258.919329	-417346.037879	0.149949	0.000000	0.000000	0.000000	0.000000	96457.278997	28320.724101	7393.175889	0.206304
32	0.000000	0.000000	0.000000	0.000000	62525366.113422	-17269758.493974	2242210.897037	0.213746	0.000000	0.000000	0.000000	0.000000	695684733.052102	-509923410.868442	-934641123.807703	0.074669	0.000000	0.000000	0.000000	0.000000	2602923.474253	230830.033246	112782.162044	0.448053	0.000000	0.000000	0.000000	0.000000	10166295907932608512.000000	-15012256560598216704.000000	-2680489333100654592.000000	0.001733
32	0.000000	0.000000	0.000000	0.000000	3417280.820557	392174.602240	-701807.570164	0.245390	0.000000	0.000000	0.000000	0.000000	147897.195663	-153039.763939	3853.510867	0.291859	0.000000	0.000000	0.000000	0.000000	1895989.450249	178954.122776	-75816.902302	0.224239	0.000000	0.000000	0.000000	0.000000	692647.660832	-570985.535385	7945.475311	0.225193
33	0.000000	0.000000	0.000000	0.000000	-2229620016859190528.000000	3297516492294535168.000000	-558609284379225984.000000	-0.001628	0.000000	0.000000	0.000000	0.000000	72373569864520.078125	-94474000508878.562500	-53502452220315.390625	0.005076	0.000000	0.000000	0.000000	0.000000	88181.127992	28356.494347	-38375.318942	0.172704	0.000000	0.000000	0.000000	0.000000	3228863.205975	421822.865443	1976529.601619	0.235958
33	0.000000	0.000000	0.000000	0.000000	100678.741145	1459.901388	-22471.542539	0.282778	0.000000	0.000000	0.000000	0.000000	815872290309.409180	-746015287482.096680	970873721560.196411	-0.008782	0.000000	0.000000	0.000000	0.000000	63509.418971	-8864.273900	1613.692127	0.280237	0.000000	0.000000	0.000000	0.000000	-0.000000	0.000000	0.000000	0.136591
34	0.000000	0.000000	0.000000	0.000000	31315822388845048.000000	-40407674720857096.000000	23972656811151588.000000	-0.005324	0.000000	0.000000	0.000000	0.000000	8224601.337640	-11862595.281928	2921551.024461	0.188906	0.000000	0.000000	0.000000	0.000000	2064710.964558	-1280919.421026	168242.205441	0.191262	0.000000	0.000000	0.000000	0.000000	15254320.533742	260609.857159	1049744.501796	0.243801
34	0.000000	0.000000	0.000000	0.000000	545534.017168	-172066.939063	-32965.098630	0.235938	0.000000	0.000000	0.000000	0.000000	211185.348731	-19640.401403	-40858.319540	0.373070	0.000000	0.000000	0.000000	0.000000	777437.051593	76366.114926	-118936.248778	0.213628	0.000000	0.000000	0.000000	0.000000	317924771787055.812500	-449891952390297.687500	-158257090283655.093750	0.003384
35	0.000000	0.000000	0.000000	0.000000	6140726678907670.000000	-8411295655120637.000000	-3758833142121194.000000	0.004158	0.000000	0.000000	0.000000	0.000000	24065662.394843	-7970003.161600	-5614471.591461	0.204607	0.000000	0.000000	0.000000	0.000000	364764.548543	54993.625386	-23880.153071	0.600166	0.000000	0.000000	0.000000	0.000000	60148495685887328.000000	-84703630050493136.000000	-31091718212215128.000000	0.003487
35	0.000000	0.000000	0.000000	0.000000	180266641508437.500000	-254316306456294.687500	-97186955079567.046875	0.004629	0.000000	0.000000	0.000000	0.000000	963011.243482	-373509.345646	433637.918889	0.214697	0.000000	0.000000	0.000000	0.000000	330039.183057	-10304.993187	-30197.585698	0.257070	0.000000	0.000000	0.000000	0.000000	-0.000000	0.000000	0.000000	0.136591
36	0.000000	0.000000	0.000000	0.000000	3289209.711572	-264451.815367	-516524.407352	0.279751	0.000000	0.000000	0.000000	0.000000	10508297520576808960.000000	-15548653195498668032.000000	-2588953934806285824.000000	0.001635	0.000000	0.000000	0.000000	0.000000	776374.405070	-77110.567733	-155964.850724	0.269546	0.000000	0.000000	0.000000	0.000000	38254417.252757	2365701.751397	2449381.747725	0.278574
36	0.000000	0.000000	0.000000	0.000000	-24298154433370.656250	35567563396176.820312	-8481886983182.268555	-0.003042	0.000000	0.000000	0.000000	0.000000	3700285.890228	288520.012355	3082443.148728	0.189187	0.000000	0.000000	0.000000	0.000000	64732771301024024.000000	-94198604701903856.000000	23573392593824632.000000	-0.002446	0.000000	0.000000	0.000000	0.000000	-1810370470191.285645	2073738584319.201904	1754500731518.675537	0.006863
37	0.000000	0.000000	0.000000	0.000000	107770068.892264	-10716179.684904	2421437.278515	0.214744	0.000000	0.000000	0.000000	0.000000	-20067748286295256.000000	26678711715350252.000000	13950016611733506.000000	0.004803	0.000000	0.000000	0.000000	0.000000	6021372.243606	-1634473.683560	72056.252052	0.224537	0.000000	0.000000	0.000000	0.000000	73071783.374651	-9891731.506231	636918.002162	0.203963
37	0.000000	0.000000	0.000000	0.000000	4980448.199935	212684.290288	-2377598.584127	0.171463	0.000000	0.000000	0.000000	0.000000	3481050.411933	-1613493.827387	640963.549812	0.191949	0.000000	0.000000	0.000000	0.000000	2084562.016607	-199486.470307	59256.594303	0.220899	0.000000	0.000000	0.000000	0.000000	3035.358303	-4895.477586	1898.509517	0.186236
38	0.000000	0.000000	0.000000	0.000000	-0.000000	0.000000	0.000000	0.136591	0.000000	0.000000	0.000000	0.000000	-17474550.712136	36939351.006160	-7421806.817381	0.122094	0.000000	0.000000	0.000000	0.000000	207460.992735	-66112.678657	-44157.687842	0.468671	0.000000	0.000000	0.000000	0.000000	6992.684798	792.768535	2427.557089	0.283655
38	0.000000	0.000000	0.000000	0.000000	-0.000000	0.000000	0.000000	0.136591	0.000000	0.000000	0.000000	0.000000	241726.928134	-160657.604281	-205487.544908	0.240118	0.000000	0.000000	0.000000	0.000000	33178.752252	9781.530884	-26594.240058	0.243631	0.000000	0.000000	0.000000	0.000000	-0.000000	0.000000	0.000000	0.136591
39	0.000000	0.000000	0.000000	0.000000	30357928.122435	-9135898.489911	4388593.274694	0.207793	0.000000	0.000000	0.000000	0.000000	-3928373969252206.000000	4898019783625686.000000	3278093926169184.000000	0.005854	0.000000	0.000000	0.000000	0.000000	2037324.377427	208349.981381	-201200.468998	0.221730	0.000000	0.000000	0.000000	0.000000	-1744163896792975.500000	2264567101346448.500000	1319675954547401.500000	0.004662
39	0.000000	0.000000	0.000000	0.000000	-622181.386647	-153465.293195	1811039.883104	0.141310	0.000000	0.000000	0.000000	0.000000	-8263991758790613.000000	11828880331182656.000000	-3710872873741432.000000	-0.002997	0.000000	0.000000	0.000000	0.000000	1618302.854890	101870.977761	-95998.547760	0.329389	0.000000	0.000000	0.000000	0.000000	907606810546861.000000	-1320215598320164.750000	-332591410524093.562500	0.002450
40	0.000000	0.000000	0.000000	0.000000	3041856.451107	135433.889049	413130.277547	0.255484	0.000000	0.000000	0.000000	0.000000	2111595516896057.750000	-2883736494976987.000000	-1310803232780018.000000	0.004232	0.000000	0.000000	0.000000	0.000000	23223.579222	9102.672392	1964.976136	0.302956	0.000000	0.000000	0.000000	0.000000	5242713.032426	295234.241283	-771869.201937	0.258136
40	0.000000	0.000000	0.000000	0.000000	-0.000000	0.000000	0.000000	0.136591	0.000000	0.000000	0.000000	0.000000	-0.000000	0.000000	0.000000	0.136591	0.000000	0.000000	0.000000	0.000000	7.309242	-0.882372	-13.256099	0.271696	0.000000	0.000000	0.000000	0.000000	-0.000000	0.000000	0.000000	0.136591
41	0.000000	0.000000	0.000000	0.000000	232440207.849350	9409068.022537	296143395.104769	0.108074	0.000000	0.000000	0.000000	0.000000	1799938.860262	1025903.217681	-2126756.478527	0.210961	0.000000	0.000000	0.000000	0.000000	998913.972904	-252349.161017	66255.927124	0.210356	0.000000	0.000000	0.000000	0.000000	32620498.999750	1807559.715464	5030218.604387	0.250581
41	0.000000	0.000000	0.000000	0.000000	-29909994929617624.000000	44112430162043736.000000	-8215888688693797.000000	-0.001939	0.000000	0.000000	0.000000	0.000000	190063.984167	-23672.338821	-896.693390	0.166253	0.000000	0.000000	0.000000	0.000000	759435.702730	-74971.951052	-156697.745241	0.152968	0.000000	0.000000	0.000000	0.000000	565771.706712	5865.524532	73670.972434	0.215642
42	0.000000	0.000000	0.000000	0.000000	138185568.158569	53676.614237	-11867071.891247	0.220544	0.000000	0.000000	0.000000	0.000000	-9901531771895558.000000	11584829656293606.000000	9303678638835482.000000	0.006642	0.000000	0.000000	0.000000	0.000000	7110424.836863	-1052599.446473	-560869.074876	0.225392	0.000000	0.000000	0.000000	0.000000	45417144.216425	-15708464.144552	13623297.236746	0.191968
42	0.000000	0.000000	0.000000	0.000000	-22535163.613780	16028630.970339	-36516658.624957	0.112769	0.000000	0.000000	0.000000	0.000000	62618603.110337	6989236.172928	-19667821.179148	0.223169	0.000000	0.000000	0.000000	0.000000	6369036.291453	-1149986.204559	-228069.646715	0.224674	0.000000	0.000000	0.000000	0.000000	6129526684110.202148	-8330245508189.866211	3893477444959.966797	-0.004366
43	0.000000	0.000000	0.000000	0.000000	918130215714554.750000	-970777021552360.750000	-977651540843398.000000	0.007833	0.000000	0.000000	0.000000	0.000000	2579176.007749	-2743099.667986	-1191947.858135	0.202598	0.000000	0.000000	0.000000	0.000000	216557.832888	-24840.018156	78553.921959	0.227103	0.000000	0.000000	0.000000	0.000000	-2939706015325518.500000	4136375388705520.500000	1533638651760480.750000	0.003787
43	0.000000	0.000000	0.000000	0.000000	287059.258367	-69965.145171	-385527.968630	0.214458	0.000000	0.000000	0.000000	0.000000	-187555996439871.875000	241778651974059.250000	-143996704297776.000000	-0.005304	0.000000	0.000000	0.000000	0.000000	162630.213545	-76211.510323	55056.741821	0.230841	0.000000	0.000000	0.000000	0.000000	-0.000000	0.000000	0.000000	0.136591
44	0.000000	0.000000	0.000000	0.000000	-0.000000	0.000000	0.000000	0.136591	0.000000	0.000000	0.000000	0.000000	20006.802753	-19417.901327	5596.464707	0.237070	0.000000	0.000000	0.000000	0.000000	2733425749624134.000000	-3830810563431751.500000	1462436080632025.500000	-0.003592	0.000000	0.000000	0.000000	0.000000	5584238.995539	-563289.256861	462660.761103	0.190658
44	0.000000	0.000000	0.000000	0.000000	-0.000000	0.000000	0.000000	0.136591	0.000000	0.000000	0.000000	0.000000	-0.000000	0.000000	0.000000	0.136591	0.000000	0.000000	0.000000	0.000000	11614.829898	-10974.852414	3079.535282	0.229888	0.000000	0.000000	0.000000	0.000000	19281.521202	-2363.808072	1353.881310	0.536431
45	0.000000	0.000000	0.000000	0.000000	29956731.515636	8249813.256314	3030455.885038	0.251841	0.000000	0.000000	0.000000	0.000000	9080657.164136	-8456768.915809	1847298.270599	0.193867	0.000000	0.000000	0.000000	0.000000	4992720.667902	-1593337.284836	828627.257964	0.272514	0.000000	0.000000	0.000000	0.000000	30000573.260039	-3114819.823119	2737137.607289	0.183112
45	0.000000	0.000000	0.000000	0.000000	283306974312.380676	311251041847.415100	-292673544478.936951	0.024002	0.000000	0.000000	0.000000	0.000000	748074.312803	167912.690571	86556.725237	0.233981	0.000000	0.000000	0.000000	0.000000	1839810.883439	29344.154664	206891.044232	0.264510	0.000000	0.000000	0.000000	0.000000	-348605440627.143433	246212634486.621307	-461575170700.773499	-0.010626
46	0.000000	0.000000	0.000000	0.000000	-193943218893676736.000000	280050985391939232.000000	-78851208231879728.000000	-0.002621	0.000000	0.000000	0.000000	0.000000	134669562622601296.000000	-190265995258300480.000000	-67906189805137976.000000	0.003405	0.000000	0.000000	0.000000	0.000000	1788256.170973	-20476.548894	-279200.214920	0.219158	0.000000	0.000000	0.000000	0.000000	88219518.096830	2126710.735048	-1343029.862075	0.268408
46	0.000000	0.000000	0.000000	0.000000	30534.343379	1156.978521	-3073.774067	0.336718	0.000000	0.000000	0.000000	0.000000	2585414.717537	-1284005.299092	-672953.354304	0.290880	0.000000	0.000000	0.000000	0.000000	1189745.075099	160837.480708	15258.957596	0.228227	0.000000	0.000000	0.000000	0.000000	244014.938516	-113042.960099	209890.203037	0.168429
47	0.000000	0.000000	0.000000	0.000000	82206797.026644	7446393.446144	-6431996.182801	0.239871	0.000000	0.000000	0.000000	0.000000	230598.255081	-67117.177378	35.616640	0.198699	0.000000	0.000000	0.000000	0.000000	335518.936794	-88159.383804	69136.588966	0.222345	0.000000	0.000000	0.000000	0.000000	1691468.166503	638285.621024	-506248.679833	0.217747
47	0.000000	0.000000	0.000000	0.000000	-16053280.967088	-22935794.099760	14584031.599260	0.085909	0.000000	0.000000	0.000000	0.000000	75442.231285	21949.615962	-69471.604410	0.246113	0.000000	0.000000	0.000000	0.000000	128745.622486	-34563.128199	76927.324060	0.219817	0.000000	0.000000	0.000000	0.000000	545735.465182	12565.703043	-38206.896169	0.403312
48	0.000000	0.000000	0.000000	0.000000	4076253718845260.000000	-4949744697535519.000000	-3591845880833020.000000	0.006173	0.000000	0.000000	0.000000	0.000000	4479084.600247	-3957797.083248	-1585049.099035	0.198755	0.000000	0.000000	0.000000	0.000000	1699680.810354	-73759.384652	477717.543043	0.189673	0.000000	0.000000	0.000000	0.000000	13710706.981122	34781.975876	1620340.734806	0.241989
48	0.000000	0.000000	0.000000	0.000000	1068454.268472	-149726.217846	-43388.907644	0.221617	0.000000	0.000000	0.000000	0.000000	743693.290498	37202.474985	-403494.878118	0.222702	0.000000	0.000000	0.000000	0.000000	5978726369013.209961	-6618307610053.292969	6072511414632.823242	-0.006893	0.000000	0.000000	0.000000	0.000000	210052.442853	14769.241759	-52799.400911	0.187138
49	0.000000	0.000000	0.000000	0.000000	1770322373728595.000000	-2291732921892130.000000	-1342853137979144.750000	0.005427	0.000000	0.000000	0.000000	0.000000	438178.215590	-77284.939425	12374.527859	0.472393	0.000000	0.000000	0.000000	0.000000	247060.320281	89505.873324	-136528.659490	0.217503	0.000000	0.000000	0.000000	0.000000	-3762348259195823616.000000	5566166691687506944.000000	-931873278466430720.000000	-0.001659
49	0.000000	0.000000	0.000000	0.000000	283010.035242	-33983.872144	-114289.652393	0.203436	0.000000	0.000000	0.000000	0.000000	331648.159110	80191.048893	-6760.383721	0.334572	0.000000	0.000000	0.000000	0.000000	202195.112966	56002.856296	-157525.369512	0.215192	0.000000	0.000000	0.000000	0.000000	-0.000000	0.000000	0.000000	0.136591
-1	0.000000	0.000000	0.000000	0.000000	1781707555.215917	87525670.505960	-207989446.991236	0.232725	0.000000	0.000000	0.000000	0.000000	716002257.689598	319384893.011124	161254540.448550	0.172751	0.000000	0.000000	0.000000	0.000000	-1598182578.366009	-2610144354.693188	1142759515.648953	0.087736	0.000000	0.000000	0.000000	0.000000	4762509218.954436	3837531363.039557	-4380182753.241995	0.083244
-1	0.000000	0.000000	0.000000	0.000000	44608845.194048	-12052898.783746	7298020.980530	0.210920	0.000000	0.000000	0.000000	0.000000	183192525.235035	-40453579.958756	-18784803.115024	0.213300	0.000000	0.000000	0.000000	0.000000	60676942.087127	3950102.297301	1314427.521029	0.189960	0.000000	0.000000	0.000000	0.000000	3726193.339606	-756355.804569	1021658.047484	0.220770
